	011000	011	00	111	00	00000
    011000	011	00	111	00	00000
	011000	011	00	111	00	00010
	011000	011	00	111	00	00011
	011000	011	00	111	00	00100
	011000	011	00	111	00	00101
	011000	011	00	111	00	00110
	011000	011	00	111	00	00111
	011000	011	00	000	00	01000
	011000	011	00	000	00	01001
	011000	011	00	000	00	01010
	011000	011	00	000	00	01011
	011000	011	00	000	00	01100
	011000	011	00	000	00	01101
	011000	011	00	000	00	01110
	011000	011	00	000	00	01111
	011000	011	00	000	00	10000
	011000	011	00	000	00	10001
	011000	011	00	000	00	10010
	010100	000	00	000	00	11111
	010101	011	00	000	11	00001
	011010	001	00	101	00	11111
	010110	000	00	000	00	11111
	011010	000	00	000	00	11111
	011010	111	00	101	10	11111
	011010	110	00	00	00	11111
	011011	000	01	110	01	11111
	000000	010	11	011	00	11111
    000000  000 00  000 00  00000
    000000  000 00  000 00  00000
    000000  000 00  000 00  00000
    000000  000 00  000 00  00000
	000000	000	10	001	00	11111
    100101	011	01	001	00	01000
    100110	011	00	001	00	01001
    100111	000	01	110	01	11111
    101011	000	01	001	01	11111
    101010	110	00	101	00	11111
    101010	110	01	101	01	11111
    101000	010	10	011	00	11111
    101001	011	00	001	00	00001
	101010	000	01	101	01	11111
	101011	000	01	011	01	11111
	000000	000	10	011	00	11111
	000000	000	00	000	00	11111
	000000	000	00	000	00	11111
	000000	000	00	000	00	11111
	000000	000	00	000	00	11111
	000000	000	00	000	00	11111
	000000	000	00	000	00	11111
	000000	000	00	000	00	11111
	000000	000	00	000	00	11111
	100000	000	10	010	00	11111
	111111	000	01	010	01	11111
	110111	000	01	010	01	11111
	111110	101	00	101	00	11111
	111001	011	00	010	00	01001
	111110	000	01	101	01	11111
	111011	000	01	110	00	11111
	111100	010	10	011	00	11111
	111101	011	00	010	00	00001
	111110	000	01	101	01	11111
	111111	000	01	011	01	11111
	100000	000	10	011	00	11111
